1 128 192 226 1.0 1 1 "AAA"
2 64 166 102 1.0 1 1 "ACA"
3 64 166 102 1.0 1 1 "ACAd"
4 64 166 102 1.0 1 1 "ACAd1"
5 64 166 102 1.0 1 1 "ACAd2/3"
6 64 166 102 1.0 1 1 "ACAd5"
7 64 166 102 1.0 1 1 "ACAd6a"
8 64 166 102 1.0 1 1 "ACAd6b"
9 64 166 102 1.0 1 1 "ACAv"
10 64 166 102 1.0 1 1 "ACAv1"
11 64 166 102 1.0 1 1 "ACAv2/3"
12 64 166 102 1.0 1 1 "ACAv5"
13 64 166 102 1.0 1 1 "ACAv6a"
14 64 166 102 1.0 1 1 "ACAv6b"
15 128 205 248 1.0 1 1 "ACB"
16 255 179 217 1.0 1 1 "ACVII"
17 255 144 159 1.0 1 1 "AD"
18 255 85 71 1.0 1 1 "ADP"
19 255 76 62 1.0 1 1 "AHN"
20 33 152 102 1.0 1 1 "AI"
21 33 152 102 1.0 1 1 "AId"
22 33 152 102 1.0 1 1 "AId1"
23 33 152 102 1.0 1 1 "AId2/3"
24 33 152 102 1.0 1 1 "AId5"
25 33 152 102 1.0 1 1 "AId6a"
26 33 152 102 1.0 1 1 "AId6b"
27 33 152 102 1.0 1 1 "AIp"
28 33 152 102 1.0 1 1 "AIp1"
29 33 152 102 1.0 1 1 "AIp2/3"
30 33 152 102 1.0 1 1 "AIp5"
31 33 152 102 1.0 1 1 "AIp6a"
32 33 152 102 1.0 1 1 "AIp6b"
33 33 152 102 1.0 1 1 "AIv"
34 33 152 102 1.0 1 1 "AIv1"
35 33 152 102 1.0 1 1 "AIv2/3"
36 33 152 102 1.0 1 1 "AIv5"
37 33 152 102 1.0 1 1 "AIv6a"
38 33 152 102 1.0 1 1 "AIv6b"
39 255 144 159 1.0 1 1 "AM"
40 255 179 217 1.0 1 1 "AMB"
41 255 179 217 1.0 1 1 "AMBd"
42 255 179 217 1.0 1 1 "AMBv"
43 255 144 159 1.0 1 1 "AMd"
44 255 144 159 1.0 1 1 "AMv"
45 255 252 145 1.0 1 1 "AN"
46 255 252 145 1.0 1 1 "ANcr1"
47 255 252 145 1.0 1 1 "ANcr2"
48 157 240 210 1.0 1 1 "AOB"
49 157 240 210 1.0 1 1 "AOBgl"
50 149 228 200 1.0 1 1 "AOBgr"
51 157 240 210 1.0 1 1 "AOBmi"
52 84 191 148 1.0 1 1 "AON"
53 255 165 210 1.0 1 1 "AP"
54 255 144 255 1.0 1 1 "APN"
55 51 185 50 1.0 1 1 "APr"
56 170 170 170 1.0 1 1 "AQ"
57 255 93 80 1.0 1 1 "ARH"
58 255 93 80 1.0 1 1 "ASO"
59 255 144 255 1.0 1 1 "AT"
60 255 144 159 1.0 1 1 "ATN"
61 1 147 153 1.0 1 1 "AUD"
62 1 147 153 1.0 1 1 "AUDd"
63 1 147 153 1.0 1 1 "AUDd1"
64 1 147 153 1.0 1 1 "AUDd2/3"
65 1 147 153 1.0 1 1 "AUDd4"
66 1 147 153 1.0 1 1 "AUDd5"
67 1 147 153 1.0 1 1 "AUDd6a"
68 1 147 153 1.0 1 1 "AUDd6b"
69 1 147 153 1.0 1 1 "AUDp"
70 1 147 153 1.0 1 1 "AUDp1"
71 1 147 153 1.0 1 1 "AUDp2/3"
72 1 147 153 1.0 1 1 "AUDp4"
73 1 147 153 1.0 1 1 "AUDp5"
74 1 147 153 1.0 1 1 "AUDp6a"
75 1 147 153 1.0 1 1 "AUDp6b"
76 1 147 153 1.0 1 1 "AUDpo"
77 1 147 153 1.0 1 1 "AUDpo1"
78 1 147 153 1.0 1 1 "AUDpo2/3"
79 1 147 153 1.0 1 1 "AUDpo4"
80 1 147 153 1.0 1 1 "AUDpo5"
81 1 147 153 1.0 1 1 "AUDpo6a"
82 1 147 153 1.0 1 1 "AUDpo6b"
83 1 147 153 1.0 1 1 "AUDv"
84 1 147 153 1.0 1 1 "AUDv1"
85 1 147 153 1.0 1 1 "AUDv2/3"
86 1 147 153 1.0 1 1 "AUDv4"
87 1 147 153 1.0 1 1 "AUDv5"
88 1 147 153 1.0 1 1 "AUDv6a"
89 1 147 153 1.0 1 1 "AUDv6b"
90 255 144 159 1.0 1 1 "AV"
91 255 85 71 1.0 1 1 "AVP"
92 255 85 71 1.0 1 1 "AVPV"
93 255 186 134 1.0 1 1 "Acs5"
94 255 186 134 1.0 1 1 "B"
95 128 192 226 1.0 1 1 "BA"
96 179 192 223 1.0 1 1 "BAC"
97 157 231 156 1.0 1 1 "BLA"
98 157 231 156 1.0 1 1 "BLAa"
99 157 231 156 1.0 1 1 "BLAp"
100 157 231 156 1.0 1 1 "BLAv"
101 132 234 129 1.0 1 1 "BMA"
102 132 234 129 1.0 1 1 "BMAa"
103 132 234 129 1.0 1 1 "BMAp"
104 255 112 128 1.0 1 1 "BS"
105 179 192 223 1.0 1 1 "BST"
106 126 208 75 1.0 1 1 "CA"
107 126 208 75 1.0 1 1 "CA1"
108 126 208 75 1.0 1 1 "CA2"
109 126 208 75 1.0 1 1 "CA3"
110 240 240 128 1.0 1 1 "CB"
111 240 240 128 1.0 1 1 "CBN"
112 240 240 128 1.0 1 1 "CBX"
113 128 192 226 1.0 1 1 "CEA"
114 128 192 226 1.0 1 1 "CEAc"
115 128 192 226 1.0 1 1 "CEAl"
116 128 192 226 1.0 1 1 "CEAm"
117 255 252 145 1.0 1 1 "CENT"
118 255 252 145 1.0 1 1 "CENT2"
119 255 252 145 1.0 1 1 "CENT3"
120 176 240 255 1.0 1 1 "CH"
121 255 144 159 1.0 1 1 "CL"
122 138 218 135 1.0 1 1 "CLA"
123 255 166 255 1.0 1 1 "CLI"
124 255 144 159 1.0 1 1 "CM"
125 255 165 210 1.0 1 1 "CN"
126 152 214 249 1.0 1 1 "CNU"
127 97 231 183 1.0 1 1 "COA"
128 97 231 183 1.0 1 1 "COAa"
129 97 231 183 1.0 1 1 "COAp"
130 97 231 183 1.0 1 1 "COApl"
131 97 231 183 1.0 1 1 "COApm"
132 255 252 145 1.0 1 1 "COPY"
133 152 214 249 1.0 1 1 "CP"
134 255 195 149 1.0 1 1 "CS"
135 176 255 184 1.0 1 1 "CTX"
136 112 255 112 1.0 1 1 "CTXpl"
137 138 218 135 1.0 1 1 "CTXsp"
138 255 165 210 1.0 1 1 "CU"
139 255 252 145 1.0 1 1 "CUL"
140 255 252 145 1.0 1 1 "CUL4, 5"
141 255 144 255 1.0 1 1 "CUN"
142 255 165 210 1.0 1 1 "DCN"
143 255 165 210 1.0 1 1 "DCO"
144 255 252 145 1.0 1 1 "DEC"
145 126 208 75 1.0 1 1 "DG"
146 126 208 75 1.0 1 1 "DG-mo"
147 126 208 75 1.0 1 1 "DG-po"
148 102 168 61 1.0 1 1 "DG-sg"
149 255 85 71 1.0 1 1 "DMH"
150 255 179 217 1.0 1 1 "DMX"
151 255 253 188 1.0 1 1 "DN"
152 255 144 159 1.0 1 1 "DORpm"
153 255 128 132 1.0 1 1 "DORsm"
154 164 218 164 1.0 1 1 "DP"
155 255 166 255 1.0 1 1 "DR"
156 255 144 255 1.0 1 1 "DT"
157 255 186 134 1.0 1 1 "DTN"
158 13 159 145 1.0 1 1 "ECT"
159 13 159 145 1.0 1 1 "ECT1"
160 13 159 145 1.0 1 1 "ECT2/3"
161 13 159 145 1.0 1 1 "ECT5"
162 13 159 145 1.0 1 1 "ECT6a"
163 13 159 145 1.0 1 1 "ECT6b"
164 255 165 210 1.0 1 1 "ECU"
165 50 184 37 1.0 1 1 "ENT"
166 50 184 37 1.0 1 1 "ENTl"
167 50 184 37 1.0 1 1 "ENTl1"
168 50 184 37 1.0 1 1 "ENTl2"
169 50 184 37 1.0 1 1 "ENTl3"
170 50 184 37 1.0 1 1 "ENTl5"
171 50 184 37 1.0 1 1 "ENTl6a"
172 50 184 37 1.0 1 1 "ENTm"
173 50 184 37 1.0 1 1 "ENTm1"
174 50 184 37 1.0 1 1 "ENTm2"
175 50 184 37 1.0 1 1 "ENTm3"
176 50 184 37 1.0 1 1 "ENTm5"
177 50 184 37 1.0 1 1 "ENTm6"
178 160 238 157 1.0 1 1 "EP"
179 255 144 159 1.0 1 1 "EPI"
180 160 238 157 1.0 1 1 "EPd"
181 160 238 157 1.0 1 1 "EPv"
182 255 144 255 1.0 1 1 "EW"
183 255 144 159 1.0 1 1 "Eth"
184 126 208 75 1.0 1 1 "FC"
185 242 72 59 1.0 1 1 "FF"
186 255 252 145 1.0 1 1 "FL"
187 255 253 188 1.0 1 1 "FN"
188 255 252 145 1.0 1 1 "FOTU"
189 38 143 69 1.0 1 1 "FRP"
190 38 143 69 1.0 1 1 "FRP1"
191 38 143 69 1.0 1 1 "FRP2/3"
192 38 143 69 1.0 1 1 "FRP5"
193 38 143 69 1.0 1 1 "FRP6a"
194 38 143 69 1.0 1 1 "FRP6b"
195 128 205 248 1.0 1 1 "FS"
196 255 128 132 1.0 1 1 "GENd"
197 255 144 159 1.0 1 1 "GENv"
198 133 153 204 1.0 1 1 "GPe"
199 133 153 204 1.0 1 1 "GPi"
200 255 165 210 1.0 1 1 "GR"
201 255 179 217 1.0 1 1 "GRN"
202 0 156 117 1.0 1 1 "GU"
203 0 156 117 1.0 1 1 "GU1"
204 0 156 117 1.0 1 1 "GU2/3"
205 0 156 117 1.0 1 1 "GU4"
206 0 156 117 1.0 1 1 "GU5"
207 0 156 117 1.0 1 1 "GU6a"
208 0 156 117 1.0 1 1 "GU6b"
209 51 185 50 1.0 1 1 "HATA"
210 255 155 136 1.0 1 1 "HB"
211 255 252 145 1.0 1 1 "HEM"
212 126 208 75 1.0 1 1 "HIP"
213 126 208 75 1.0 1 1 "HPF"
214 230 68 56 1.0 1 1 "HY"
215 255 186 134 1.0 1 1 "I5"
216 128 192 226 1.0 1 1 "IA"
217 255 144 159 1.0 1 1 "IAD"
218 255 144 159 1.0 1 1 "IAM"
219 255 112 128 1.0 1 1 "IB"
220 255 122 255 1.0 1 1 "IC"
221 255 179 217 1.0 1 1 "ICB"
222 255 122 255 1.0 1 1 "ICc"
223 255 122 255 1.0 1 1 "ICd"
224 255 122 255 1.0 1 1 "ICe"
225 255 166 255 1.0 1 1 "IF"
226 126 208 75 1.0 1 1 "IG"
227 255 144 159 1.0 1 1 "IGL"
228 255 144 255 1.0 1 1 "III"
229 204 204 204 1.0 1 1 "IIIn"
230 204 204 204 1.0 1 1 "IIn"
231 89 179 99 1.0 1 1 "ILA"
232 89 179 99 1.0 1 1 "ILA1"
233 89 179 99 1.0 1 1 "ILA2/3"
234 89 179 99 1.0 1 1 "ILA5"
235 89 179 99 1.0 1 1 "ILA6a"
236 89 179 99 1.0 1 1 "ILA6b"
237 255 144 159 1.0 1 1 "ILM"
238 255 144 159 1.0 1 1 "IMD"
239 255 144 255 1.0 1 1 "INC"
240 255 179 217 1.0 1 1 "IO"
241 255 253 188 1.0 1 1 "IP"
242 255 166 255 1.0 1 1 "IPA"
243 255 166 255 1.0 1 1 "IPC"
244 255 166 255 1.0 1 1 "IPDL"
245 255 166 255 1.0 1 1 "IPDM"
246 255 166 255 1.0 1 1 "IPI"
247 255 166 255 1.0 1 1 "IPL"
248 255 166 255 1.0 1 1 "IPN"
249 255 166 255 1.0 1 1 "IPR"
250 255 166 255 1.0 1 1 "IPRL"
251 255 179 217 1.0 1 1 "IRN"
252 255 179 217 1.0 1 1 "ISN"
253 255 144 255 1.0 1 1 "IV"
254 204 204 204 1.0 1 1 "IVn"
255 204 204 204 1.0 1 1 "In"
256 255 144 159 1.0 1 1 "IntG"
257 112 255 113 1.0 1 1 "Isocortex"
258 255 174 111 1.0 1 1 "KF"
259 144 235 141 1.0 1 1 "LA"
260 255 144 159 1.0 1 1 "LAT"
261 255 179 217 1.0 1 1 "LAV"
262 255 195 149 1.0 1 1 "LC"
263 255 144 159 1.0 1 1 "LD"
264 255 195 149 1.0 1 1 "LDT"
265 255 128 132 1.0 1 1 "LGd"
266 255 128 132 1.0 1 1 "LGd-co"
267 255 128 132 1.0 1 1 "LGd-ip"
268 255 128 132 1.0 1 1 "LGd-sh"
269 255 144 159 1.0 1 1 "LGv"
270 255 144 159 1.0 1 1 "LH"
271 242 72 59 1.0 1 1 "LHA"
272 255 179 217 1.0 1 1 "LIN"
273 255 252 145 1.0 1 1 "LING"
274 255 76 62 1.0 1 1 "LM"
275 255 144 159 1.0 1 1 "LP"
276 242 72 59 1.0 1 1 "LPO"
277 255 179 217 1.0 1 1 "LRN"
278 255 179 217 1.0 1 1 "LRNm"
279 255 179 217 1.0 1 1 "LRNp"
280 144 203 237 1.0 1 1 "LS"
281 144 203 237 1.0 1 1 "LSX"
282 144 203 237 1.0 1 1 "LSc"
283 144 203 237 1.0 1 1 "LSr"
284 144 203 237 1.0 1 1 "LSv"
285 255 144 255 1.0 1 1 "LT"
286 242 72 59 1.0 1 1 "LZ"
287 162 177 216 1.0 1 1 "MA"
288 255 144 255 1.0 1 1 "MA3"
289 255 179 217 1.0 1 1 "MARN"
290 255 100 255 1.0 1 1 "MB"
291 255 76 62 1.0 1 1 "MBO"
292 255 144 255 1.0 1 1 "MBmot"
293 255 122 255 1.0 1 1 "MBsen"
294 255 144 255 1.0 1 1 "MBsta"
295 255 144 159 1.0 1 1 "MD"
296 255 179 217 1.0 1 1 "MDRN"
297 255 179 217 1.0 1 1 "MDRNd"
298 255 179 217 1.0 1 1 "MDRNv"
299 242 72 59 1.0 1 1 "ME"
300 128 192 226 1.0 1 1 "MEA"
301 255 144 159 1.0 1 1 "MED"
302 255 85 71 1.0 1 1 "MEPO"
303 255 122 255 1.0 1 1 "MEV"
304 255 76 62 1.0 1 1 "MEZ"
305 255 128 132 1.0 1 1 "MG"
306 255 128 132 1.0 1 1 "MGd"
307 255 128 132 1.0 1 1 "MGm"
308 255 128 132 1.0 1 1 "MGv"
309 255 144 159 1.0 1 1 "MH"
310 255 76 62 1.0 1 1 "MM"
311 255 76 62 1.0 1 1 "MMd"
312 255 76 62 1.0 1 1 "MMl"
313 255 76 62 1.0 1 1 "MMm"
314 255 76 62 1.0 1 1 "MMme"
315 255 76 62 1.0 1 1 "MMp"
316 31 157 90 1.0 1 1 "MO"
317 154 210 189 1.0 1 1 "MOB"
318 31 157 90 1.0 1 1 "MOp"
319 31 157 90 1.0 1 1 "MOp1"
320 31 157 90 1.0 1 1 "MOp2/3"
321 31 157 90 1.0 1 1 "MOp5"
322 31 157 90 1.0 1 1 "MOp6a"
323 31 157 90 1.0 1 1 "MOp6b"
324 31 157 90 1.0 1 1 "MOs"
325 31 157 90 1.0 1 1 "MOs1"
326 31 157 90 1.0 1 1 "MOs2/3"
327 31 157 90 1.0 1 1 "MOs5"
328 31 157 90 1.0 1 1 "MOs6a"
329 31 157 90 1.0 1 1 "MOs6b"
330 255 76 62 1.0 1 1 "MPN"
331 255 85 71 1.0 1 1 "MPO"
332 255 144 255 1.0 1 1 "MPT"
333 255 144 255 1.0 1 1 "MRN"
334 150 167 211 1.0 1 1 "MS"
335 150 167 211 1.0 1 1 "MSC"
336 255 144 255 1.0 1 1 "MT"
337 255 144 159 1.0 1 1 "MTN"
338 255 179 217 1.0 1 1 "MV"
339 255 155 205 1.0 1 1 "MY"
340 255 179 217 1.0 1 1 "MY-mot"
341 255 198 226 1.0 1 1 "MY-sat"
342 255 165 210 1.0 1 1 "MY-sen"
343 255 122 255 1.0 1 1 "NB"
344 255 144 255 1.0 1 1 "ND"
345 150 167 211 1.0 1 1 "NDB"
346 255 195 149 1.0 1 1 "NI"
347 255 174 111 1.0 1 1 "NLL"
348 149 228 200 1.0 1 1 "NLOT"
349 149 228 200 1.0 1 1 "NLOT1"
350 149 228 200 1.0 1 1 "NLOT2"
351 149 228 200 1.0 1 1 "NLOT3"
352 255 252 145 1.0 1 1 "NOD"
353 255 144 255 1.0 1 1 "NOT"
354 255 144 255 1.0 1 1 "NPC"
355 255 179 217 1.0 1 1 "NR"
356 255 165 210 1.0 1 1 "NTB"
357 255 165 210 1.0 1 1 "NTS"
358 154 210 189 1.0 1 1 "OLF"
359 255 144 255 1.0 1 1 "OP"
360 36 138 94 1.0 1 1 "ORB"
361 36 138 94 1.0 1 1 "ORBl"
362 36 138 94 1.0 1 1 "ORBl1"
363 36 138 94 1.0 1 1 "ORBl2/3"
364 36 138 94 1.0 1 1 "ORBl5"
365 36 138 94 1.0 1 1 "ORBl6a"
366 36 138 94 1.0 1 1 "ORBl6b"
367 36 138 94 1.0 1 1 "ORBm"
368 36 138 94 1.0 1 1 "ORBm1"
369 36 138 94 1.0 1 1 "ORBm2/3"
370 36 138 94 1.0 1 1 "ORBm5"
371 36 138 94 1.0 1 1 "ORBm6a"
372 36 138 94 1.0 1 1 "ORBm6b"
373 36 138 94 1.0 1 1 "ORBvl"
374 36 138 94 1.0 1 1 "ORBvl1"
375 36 138 94 1.0 1 1 "ORBvl2/3"
376 36 138 94 1.0 1 1 "ORBvl5"
377 36 138 94 1.0 1 1 "ORBvl6a"
378 36 138 94 1.0 1 1 "ORBvl6b"
379 128 205 248 1.0 1 1 "OT"
380 255 85 71 1.0 1 1 "OV"
381 255 155 136 1.0 1 1 "P"
382 255 186 134 1.0 1 1 "P-mot"
383 255 195 149 1.0 1 1 "P-sat"
384 255 174 111 1.0 1 1 "P-sen"
385 255 186 134 1.0 1 1 "P5"
386 151 236 147 1.0 1 1 "PA"
387 89 218 171 1.0 1 1 "PAA"
388 255 144 255 1.0 1 1 "PAG"
389 133 153 204 1.0 1 1 "PAL"
390 179 192 223 1.0 1 1 "PALc"
391 133 153 204 1.0 1 1 "PALd"
392 150 167 211 1.0 1 1 "PALm"
393 162 177 216 1.0 1 1 "PALv"
394 114 213 105 1.0 1 1 "PAR"
395 255 179 217 1.0 1 1 "PARN"
396 255 179 217 1.0 1 1 "PAS"
397 255 174 111 1.0 1 1 "PB"
398 255 122 255 1.0 1 1 "PBG"
399 255 186 134 1.0 1 1 "PC5"
400 255 186 134 1.0 1 1 "PCG"
401 255 144 159 1.0 1 1 "PCN"
402 255 85 71 1.0 1 1 "PD"
403 255 186 134 1.0 1 1 "PDTg"
404 14 150 132 1.0 1 1 "PERI"
405 14 150 132 1.0 1 1 "PERI1"
406 14 150 132 1.0 1 1 "PERI2/3"
407 14 150 132 1.0 1 1 "PERI5"
408 14 150 132 1.0 1 1 "PERI6a"
409 14 150 132 1.0 1 1 "PERI6b"
410 255 144 159 1.0 1 1 "PF"
411 255 252 145 1.0 1 1 "PFL"
412 255 186 134 1.0 1 1 "PG"
413 255 179 217 1.0 1 1 "PGRN"
414 255 179 217 1.0 1 1 "PGRNd"
415 255 179 217 1.0 1 1 "PGRNl"
416 255 76 62 1.0 1 1 "PH"
417 255 179 217 1.0 1 1 "PHY"
418 255 144 159 1.0 1 1 "PIL"
419 106 203 186 1.0 1 1 "PIR"
420 47 168 80 1.0 1 1 "PL"
421 47 168 80 1.0 1 1 "PL1"
422 47 168 80 1.0 1 1 "PL2/3"
423 47 168 80 1.0 1 1 "PL5"
424 47 168 80 1.0 1 1 "PL6a"
425 47 168 80 1.0 1 1 "PL6b"
426 255 76 62 1.0 1 1 "PMd"
427 255 76 62 1.0 1 1 "PMv"
428 255 144 255 1.0 1 1 "PN"
429 255 144 159 1.0 1 1 "PO"
430 255 144 159 1.0 1 1 "POL"
431 255 174 111 1.0 1 1 "POR"
432 72 200 60 1.0 1 1 "POST"
433 255 128 132 1.0 1 1 "PP"
434 255 166 255 1.0 1 1 "PPN"
435 255 144 255 1.0 1 1 "PPT"
436 255 179 217 1.0 1 1 "PPY"
437 255 144 159 1.0 1 1 "PR"
438 255 144 255 1.0 1 1 "PRC"
439 89 185 71 1.0 1 1 "PRE"
440 255 252 145 1.0 1 1 "PRM"
441 255 186 134 1.0 1 1 "PRNc"
442 255 195 149 1.0 1 1 "PRNr"
443 255 179 217 1.0 1 1 "PRP"
444 255 144 255 1.0 1 1 "PRT"
445 255 85 71 1.0 1 1 "PS"
446 242 72 59 1.0 1 1 "PST"
447 242 72 59 1.0 1 1 "PSTN"
448 255 174 111 1.0 1 1 "PSV"
449 255 144 159 1.0 1 1 "PT"
450 0 159 172 1.0 1 1 "PTLp"
451 255 93 80 1.0 1 1 "PVH"
452 255 76 62 1.0 1 1 "PVHd"
453 255 85 71 1.0 1 1 "PVR"
454 255 144 159 1.0 1 1 "PVT"
455 255 93 80 1.0 1 1 "PVZ"
456 255 93 80 1.0 1 1 "PVa"
457 255 93 80 1.0 1 1 "PVi"
458 255 85 71 1.0 1 1 "PVp"
459 255 85 71 1.0 1 1 "PVpo"
460 255 252 145 1.0 1 1 "PYR"
461 255 144 255 1.0 1 1 "Pa4"
462 255 165 210 1.0 1 1 "Pa5"
463 242 72 59 1.0 1 1 "PeF"
464 255 128 132 1.0 1 1 "PoT"
465 88 186 72 1.0 1 1 "ProS"
466 255 166 255 1.0 1 1 "RAmb"
467 242 72 59 1.0 1 1 "RCH"
468 255 144 159 1.0 1 1 "RE"
469 255 144 159 1.0 1 1 "RH"
470 50 184 37 1.0 1 1 "RHP"
471 255 166 255 1.0 1 1 "RL"
472 255 198 226 1.0 1 1 "RM"
473 255 144 255 1.0 1 1 "RN"
474 255 198 226 1.0 1 1 "RO"
475 255 198 226 1.0 1 1 "RPA"
476 255 144 255 1.0 1 1 "RPF"
477 255 195 149 1.0 1 1 "RPO"
478 255 144 255 1.0 1 1 "RR"
479 26 166 152 1.0 1 1 "RSP"
480 26 166 152 1.0 1 1 "RSPagl"
481 26 166 152 1.0 1 1 "RSPagl1"
482 26 166 152 1.0 1 1 "RSPagl2/3"
483 26 166 152 1.0 1 1 "RSPagl5"
484 26 166 152 1.0 1 1 "RSPagl6a"
485 26 166 152 1.0 1 1 "RSPagl6b"
486 26 166 152 1.0 1 1 "RSPd"
487 26 166 152 1.0 1 1 "RSPd1"
488 26 166 152 1.0 1 1 "RSPd2/3"
489 26 166 152 1.0 1 1 "RSPd5"
490 26 166 152 1.0 1 1 "RSPd6a"
491 26 166 152 1.0 1 1 "RSPd6b"
492 26 166 152 1.0 1 1 "RSPv"
493 26 166 152 1.0 1 1 "RSPv1"
494 26 166 152 1.0 1 1 "RSPv2/3"
495 26 166 152 1.0 1 1 "RSPv5"
496 26 166 152 1.0 1 1 "RSPv6a"
497 26 166 152 1.0 1 1 "RSPv6b"
498 255 144 159 1.0 1 1 "RT"
499 255 122 255 1.0 1 1 "SAG"
500 255 85 71 1.0 1 1 "SBPV"
501 255 85 71 1.0 1 1 "SCH"
502 255 122 255 1.0 1 1 "SCO"
503 255 144 255 1.0 1 1 "SCdg"
504 255 144 255 1.0 1 1 "SCdw"
505 255 144 255 1.0 1 1 "SCig"
506 255 144 255 1.0 1 1 "SCiw"
507 255 144 255 1.0 1 1 "SCm"
508 255 122 255 1.0 1 1 "SCop"
509 255 122 255 1.0 1 1 "SCs"
510 255 122 255 1.0 1 1 "SCsg"
511 255 122 255 1.0 1 1 "SCzo"
512 170 170 170 1.0 1 1 "SEZ"
513 144 203 237 1.0 1 1 "SF"
514 255 85 71 1.0 1 1 "SFO"
515 255 186 134 1.0 1 1 "SG"
516 255 144 159 1.0 1 1 "SGN"
517 144 203 237 1.0 1 1 "SH"
518 162 177 216 1.0 1 1 "SI"
519 255 252 145 1.0 1 1 "SIM"
520 255 195 149 1.0 1 1 "SLC"
521 255 195 149 1.0 1 1 "SLD"
522 255 144 159 1.0 1 1 "SMT"
523 255 166 255 1.0 1 1 "SNc"
524 255 144 255 1.0 1 1 "SNr"
525 255 93 80 1.0 1 1 "SO"
526 255 174 111 1.0 1 1 "SOC"
527 255 174 111 1.0 1 1 "SOCl"
528 255 174 111 1.0 1 1 "SOCm"
529 255 128 132 1.0 1 1 "SPA"
530 255 128 132 1.0 1 1 "SPF"
531 255 128 132 1.0 1 1 "SPFm"
532 255 128 132 1.0 1 1 "SPFp"
533 255 179 217 1.0 1 1 "SPIV"
534 255 165 210 1.0 1 1 "SPVC"
535 255 165 210 1.0 1 1 "SPVI"
536 255 165 210 1.0 1 1 "SPVO"
537 24 128 100 1.0 1 1 "SS"
538 24 128 100 1.0 1 1 "SSp"
539 24 128 100 1.0 1 1 "SSp-bfd"
540 24 128 100 1.0 1 1 "SSp-bfd1"
541 24 128 100 1.0 1 1 "SSp-bfd2/3"
542 24 128 100 1.0 1 1 "SSp-bfd4"
543 24 128 100 1.0 1 1 "SSp-bfd5"
544 24 128 100 1.0 1 1 "SSp-bfd6a"
545 24 128 100 1.0 1 1 "SSp-bfd6b"
546 24 128 100 1.0 1 1 "SSp-ll"
547 24 128 100 1.0 1 1 "SSp-ll1"
548 24 128 100 1.0 1 1 "SSp-ll2/3"
549 24 128 100 1.0 1 1 "SSp-ll4"
550 24 128 100 1.0 1 1 "SSp-ll5"
551 24 128 100 1.0 1 1 "SSp-ll6a"
552 24 128 100 1.0 1 1 "SSp-ll6b"
553 24 128 100 1.0 1 1 "SSp-m"
554 24 128 100 1.0 1 1 "SSp-m1"
555 24 128 100 1.0 1 1 "SSp-m2/3"
556 24 128 100 1.0 1 1 "SSp-m4"
557 24 128 100 1.0 1 1 "SSp-m5"
558 24 128 100 1.0 1 1 "SSp-m6a"
559 24 128 100 1.0 1 1 "SSp-m6b"
560 24 128 100 1.0 1 1 "SSp-n"
561 24 128 100 1.0 1 1 "SSp-n1"
562 24 128 100 1.0 1 1 "SSp-n2/3"
563 24 128 100 1.0 1 1 "SSp-n4"
564 24 128 100 1.0 1 1 "SSp-n5"
565 24 128 100 1.0 1 1 "SSp-n6a"
566 24 128 100 1.0 1 1 "SSp-n6b"
567 24 128 100 1.0 1 1 "SSp-tr"
568 24 128 100 1.0 1 1 "SSp-tr1"
569 24 128 100 1.0 1 1 "SSp-tr2/3"
570 24 128 100 1.0 1 1 "SSp-tr4"
571 24 128 100 1.0 1 1 "SSp-tr5"
572 24 128 100 1.0 1 1 "SSp-tr6a"
573 24 128 100 1.0 1 1 "SSp-tr6b"
574 24 128 100 1.0 1 1 "SSp-ul"
575 24 128 100 1.0 1 1 "SSp-ul1"
576 24 128 100 1.0 1 1 "SSp-ul2/3"
577 24 128 100 1.0 1 1 "SSp-ul4"
578 24 128 100 1.0 1 1 "SSp-ul5"
579 24 128 100 1.0 1 1 "SSp-ul6a"
580 24 128 100 1.0 1 1 "SSp-ul6b"
581 24 128 100 1.0 1 1 "SSp-un"
582 24 128 100 1.0 1 1 "SSp-un1"
583 24 128 100 1.0 1 1 "SSp-un2/3"
584 24 128 100 1.0 1 1 "SSp-un4"
585 24 128 100 1.0 1 1 "SSp-un5"
586 24 128 100 1.0 1 1 "SSp-un6a"
587 24 128 100 1.0 1 1 "SSp-un6b"
588 24 128 100 1.0 1 1 "SSs"
589 24 128 100 1.0 1 1 "SSs1"
590 24 128 100 1.0 1 1 "SSs2/3"
591 24 128 100 1.0 1 1 "SSs4"
592 24 128 100 1.0 1 1 "SSs5"
593 24 128 100 1.0 1 1 "SSs6a"
594 24 128 100 1.0 1 1 "SSs6b"
595 242 72 59 1.0 1 1 "STN"
596 152 214 249 1.0 1 1 "STR"
597 152 214 249 1.0 1 1 "STRd"
598 128 205 248 1.0 1 1 "STRv"
599 79 194 68 1.0 1 1 "SUB"
600 255 76 62 1.0 1 1 "SUM"
601 255 186 134 1.0 1 1 "SUT"
602 255 179 217 1.0 1 1 "SUV"
603 255 144 255 1.0 1 1 "Su3"
604 255 144 159 1.0 1 1 "SubG"
605 21 176 179 1.0 1 1 "TEa"
606 21 176 179 1.0 1 1 "TEa1"
607 21 176 179 1.0 1 1 "TEa2/3"
608 21 176 179 1.0 1 1 "TEa4"
609 21 176 179 1.0 1 1 "TEa5"
610 21 176 179 1.0 1 1 "TEa6a"
611 21 176 179 1.0 1 1 "TEa6b"
612 255 112 128 1.0 1 1 "TH"
613 255 76 62 1.0 1 1 "TM"
614 255 76 62 1.0 1 1 "TMd"
615 255 76 62 1.0 1 1 "TMv"
616 168 236 211 1.0 1 1 "TR"
617 255 186 134 1.0 1 1 "TRN"
618 150 167 211 1.0 1 1 "TRS"
619 98 208 159 1.0 1 1 "TT"
620 98 208 159 1.0 1 1 "TTd"
621 98 208 159 1.0 1 1 "TTv"
622 242 72 59 1.0 1 1 "TU"
623 255 252 145 1.0 1 1 "UVU"
624 255 186 134 1.0 1 1 "V"
625 170 170 170 1.0 1 1 "V3"
626 170 170 170 1.0 1 1 "V4"
627 170 170 170 1.0 1 1 "V4r"
628 255 128 132 1.0 1 1 "VAL"
629 255 165 210 1.0 1 1 "VCO"
630 255 128 132 1.0 1 1 "VENT"
631 255 252 145 1.0 1 1 "VERM"
632 255 179 217 1.0 1 1 "VI"
633 255 179 217 1.0 1 1 "VII"
634 204 204 204 1.0 1 1 "VIIIn"
635 204 204 204 1.0 1 1 "VIIn"
636 8 133 140 1.0 1 1 "VIS"
637 17 173 131 1.0 1 1 "VISC"
638 17 173 131 1.0 1 1 "VISC1"
639 17 173 131 1.0 1 1 "VISC2/3"
640 17 173 131 1.0 1 1 "VISC4"
641 17 173 131 1.0 1 1 "VISC5"
642 17 173 131 1.0 1 1 "VISC6a"
643 17 173 131 1.0 1 1 "VISC6b"
644 0 159 172 1.0 1 1 "VISa"
645 0 159 172 1.0 1 1 "VISa1"
646 0 159 172 1.0 1 1 "VISa2/3"
647 0 159 172 1.0 1 1 "VISa4"
648 0 159 172 1.0 1 1 "VISa5"
649 0 159 172 1.0 1 1 "VISa6a"
650 0 159 172 1.0 1 1 "VISa6b"
651 8 133 140 1.0 1 1 "VISal"
652 8 133 140 1.0 1 1 "VISal1"
653 8 133 140 1.0 1 1 "VISal2/3"
654 8 133 140 1.0 1 1 "VISal4"
655 8 133 140 1.0 1 1 "VISal5"
656 8 133 140 1.0 1 1 "VISal6a"
657 8 133 140 1.0 1 1 "VISal6b"
658 8 133 140 1.0 1 1 "VISam"
659 8 133 140 1.0 1 1 "VISam1"
660 8 133 140 1.0 1 1 "VISam2/3"
661 8 133 140 1.0 1 1 "VISam4"
662 8 133 140 1.0 1 1 "VISam5"
663 8 133 140 1.0 1 1 "VISam6a"
664 8 133 140 1.0 1 1 "VISam6b"
665 8 133 140 1.0 1 1 "VISl"
666 8 133 140 1.0 1 1 "VISl1"
667 8 133 140 1.0 1 1 "VISl2/3"
668 8 133 140 1.0 1 1 "VISl4"
669 8 133 140 1.0 1 1 "VISl5"
670 8 133 140 1.0 1 1 "VISl6a"
671 8 133 140 1.0 1 1 "VISl6b"
672 8 133 140 1.0 1 1 "VISli"
673 8 133 140 1.0 1 1 "VISli1"
674 8 133 140 1.0 1 1 "VISli2/3"
675 8 133 140 1.0 1 1 "VISli4"
676 8 133 140 1.0 1 1 "VISli5"
677 8 133 140 1.0 1 1 "VISli6a"
678 8 133 140 1.0 1 1 "VISli6b"
679 8 133 140 1.0 1 1 "VISp"
680 8 133 140 1.0 1 1 "VISp1"
681 8 133 140 1.0 1 1 "VISp2/3"
682 8 133 140 1.0 1 1 "VISp4"
683 8 133 140 1.0 1 1 "VISp5"
684 8 133 140 1.0 1 1 "VISp6a"
685 8 133 140 1.0 1 1 "VISp6b"
686 8 133 140 1.0 1 1 "VISpl"
687 8 133 140 1.0 1 1 "VISpl1"
688 8 133 140 1.0 1 1 "VISpl2/3"
689 8 133 140 1.0 1 1 "VISpl4"
690 8 133 140 1.0 1 1 "VISpl5"
691 8 133 140 1.0 1 1 "VISpl6a"
692 8 133 140 1.0 1 1 "VISpl6b"
693 8 133 140 1.0 1 1 "VISpm"
694 8 133 140 1.0 1 1 "VISpm1"
695 8 133 140 1.0 1 1 "VISpm2/3"
696 8 133 140 1.0 1 1 "VISpm4"
697 8 133 140 1.0 1 1 "VISpm5"
698 8 133 140 1.0 1 1 "VISpm6a"
699 8 133 140 1.0 1 1 "VISpm6b"
700 8 133 140 1.0 1 1 "VISpor"
701 8 133 140 1.0 1 1 "VISpor1"
702 8 133 140 1.0 1 1 "VISpor2/3"
703 8 133 140 1.0 1 1 "VISpor4"
704 8 133 140 1.0 1 1 "VISpor5"
705 8 133 140 1.0 1 1 "VISpor6a"
706 8 133 140 1.0 1 1 "VISpor6b"
707 0 159 172 1.0 1 1 "VISrl"
708 0 159 172 1.0 1 1 "VISrl1"
709 0 159 172 1.0 1 1 "VISrl2/3"
710 0 159 172 1.0 1 1 "VISrl4"
711 0 159 172 1.0 1 1 "VISrl5"
712 0 159 172 1.0 1 1 "VISrl6a"
713 0 159 172 1.0 1 1 "VISrl6b"
714 170 170 170 1.0 1 1 "VL"
715 255 85 71 1.0 1 1 "VLPO"
716 255 128 132 1.0 1 1 "VM"
717 255 76 62 1.0 1 1 "VMH"
718 255 85 71 1.0 1 1 "VMPO"
719 255 179 217 1.0 1 1 "VNC"
720 255 128 132 1.0 1 1 "VP"
721 255 128 132 1.0 1 1 "VPL"
722 255 128 132 1.0 1 1 "VPLpc"
723 255 128 132 1.0 1 1 "VPM"
724 255 128 132 1.0 1 1 "VPMpc"
725 170 170 170 1.0 1 1 "VS"
726 255 144 255 1.0 1 1 "VTA"
727 255 144 255 1.0 1 1 "VTN"
728 255 253 188 1.0 1 1 "VeCB"
729 204 204 204 1.0 1 1 "Vn"
730 255 179 217 1.0 1 1 "XII"
731 255 144 159 1.0 1 1 "Xi"
732 204 204 204 1.0 1 1 "Xn"
733 242 72 59 1.0 1 1 "ZI"
734 204 204 204 1.0 1 1 "aco"
735 204 204 204 1.0 1 1 "act"
736 204 204 204 1.0 1 1 "alv"
737 204 204 204 1.0 1 1 "amc"
738 204 204 204 1.0 1 1 "ar"
739 204 204 204 1.0 1 1 "arb"
740 204 204 204 1.0 1 1 "bic"
741 204 204 204 1.0 1 1 "bsc"
742 170 170 170 1.0 1 1 "c"
743 204 204 204 1.0 1 1 "cVIIIn"
744 204 204 204 1.0 1 1 "cbc"
745 204 204 204 1.0 1 1 "cbf"
746 204 204 204 1.0 1 1 "cbp"
747 204 204 204 1.0 1 1 "cc"
748 204 204 204 1.0 1 1 "ccb"
749 204 204 204 1.0 1 1 "ccg"
750 204 204 204 1.0 1 1 "ccs"
751 204 204 204 1.0 1 1 "cett"
752 170 170 170 1.0 1 1 "chpl"
753 204 204 204 1.0 1 1 "cic"
754 204 204 204 1.0 1 1 "cing"
755 204 204 204 1.0 1 1 "cm"
756 204 204 204 1.0 1 1 "cpd"
757 204 204 204 1.0 1 1 "csc"
758 204 204 204 1.0 1 1 "cst"
759 204 204 204 1.0 1 1 "cuf"
760 204 204 204 1.0 1 1 "das"
761 204 204 204 1.0 1 1 "dc"
762 204 204 204 1.0 1 1 "df"
763 204 204 204 1.0 1 1 "dhc"
764 204 204 204 1.0 1 1 "drt"
765 204 204 204 1.0 1 1 "dscp"
766 204 204 204 1.0 1 1 "dtd"
767 204 204 204 1.0 1 1 "ec"
768 204 204 204 1.0 1 1 "ee"
769 204 204 204 1.0 1 1 "em"
770 204 204 204 1.0 1 1 "eps"
771 204 204 204 1.0 1 1 "epsc"
772 204 204 204 1.0 1 1 "fa"
773 204 204 204 1.0 1 1 "fi"
774 204 204 204 1.0 1 1 "fiber tracts"
775 204 204 204 1.0 1 1 "fp"
776 204 204 204 1.0 1 1 "fr"
777 204 204 204 1.0 1 1 "fx"
778 204 204 204 1.0 1 1 "fxpo"
779 204 204 204 1.0 1 1 "fxs"
780 204 204 204 1.0 1 1 "gVIIn"
781 191 218 227 1.0 1 1 "grey"
782 204 204 204 1.0 1 1 "hbc"
783 204 204 204 1.0 1 1 "hc"
784 204 204 204 1.0 1 1 "icp"
785 204 204 204 1.0 1 1 "int"
786 204 204 204 1.0 1 1 "lfbs"
787 204 204 204 1.0 1 1 "lfbst"
788 204 204 204 1.0 1 1 "ll"
789 204 204 204 1.0 1 1 "lot"
790 204 204 204 1.0 1 1 "lotd"
791 204 204 204 1.0 1 1 "lotg"
792 204 204 204 1.0 1 1 "mcp"
793 204 204 204 1.0 1 1 "mct"
794 204 204 204 1.0 1 1 "mfb"
795 204 204 204 1.0 1 1 "mfbc"
796 204 204 204 1.0 1 1 "mfbs"
797 204 204 204 1.0 1 1 "mfbse"
798 204 204 204 1.0 1 1 "mfbsma"
799 204 204 204 1.0 1 1 "mfsbshy"
800 204 204 204 1.0 1 1 "ml"
801 204 204 204 1.0 1 1 "mlf"
802 204 204 204 1.0 1 1 "moV"
803 204 204 204 1.0 1 1 "mp"
804 204 204 204 1.0 1 1 "mtg"
805 204 204 204 1.0 1 1 "mtt"
806 204 204 204 1.0 1 1 "nst"
807 204 204 204 1.0 1 1 "och"
808 204 204 204 1.0 1 1 "onl"
809 204 204 204 1.0 1 1 "opt"
810 204 204 204 1.0 1 1 "or"
811 204 204 204 1.0 1 1 "pc"
812 204 204 204 1.0 1 1 "pm"
813 204 204 204 1.0 1 1 "py"
814 204 204 204 1.0 1 1 "pyd"
815 255 255 255 1.0 1 1 "root"
816 204 204 204 1.0 1 1 "rust"
817 128 192 226 1.0 1 1 "sAMY"
818 204 204 204 1.0 1 1 "sV"
819 204 204 204 1.0 1 1 "scp"
820 204 204 204 1.0 1 1 "sctd"
821 204 204 204 1.0 1 1 "sctv"
822 204 204 204 1.0 1 1 "scwm"
823 204 204 204 1.0 1 1 "sm"
824 204 204 204 1.0 1 1 "sptV"
825 204 204 204 1.0 1 1 "st"
826 204 204 204 1.0 1 1 "stc"
827 204 204 204 1.0 1 1 "sup"
828 204 204 204 1.0 1 1 "tb"
829 204 204 204 1.0 1 1 "ts"
830 204 204 204 1.0 1 1 "tsp"
831 204 204 204 1.0 1 1 "tspc"
832 204 204 204 1.0 1 1 "tspd"
833 204 204 204 1.0 1 1 "uf"
834 204 204 204 1.0 1 1 "vVIIIn"
835 204 204 204 1.0 1 1 "vhc"
836 204 204 204 1.0 1 1 "von"
837 204 204 204 1.0 1 1 "vtd"
838 255 179 217 1.0 1 1 "x"
839 255 179 217 1.0 1 1 "y"
